nan = None;  NAN = None
nan = 0
reports = []
class ValErr:
    def __init__(self, value, error, antisym):
        self.value, self.error, self.antisym = value, error, antisym

    def __repr__(self):
        if self.antisym == 0.:
            return "%g +- %g" % (self.value, self.error)
        else:
            return "%g +- %g ~ %g" % (self.value, self.error, self.antisym)

class Report:
    def __init__(self, chamberId, postal_address, name):
        self.chamberId, self.postal_address, self.name = chamberId, postal_address, name
        self.status = "NOFIT"
        self.fittype = None
        self.CovMatrix = None

    def add_parameters(self, deltax, deltay, deltaz, deltaphix, deltaphiy, deltaphiz, loglikelihood, numsegments, sumofweights, redchi2):
        self.status = "PASS"
        self.deltax, self.deltay, self.deltaz, self.deltaphix, self.deltaphiy, self.deltaphiz = deltax, deltay, deltaz, deltaphix, deltaphiy, deltaphiz
        self.loglikelihood, self.numsegments, self.sumofweights, self.redchi2 = loglikelihood, numsegments, sumofweights, redchi2

    def add_stats(self, median_x, median_y, median_dxdz, median_dydz, mean30_x, mean30_y, mean20_dxdz, mean50_dydz, mean15_x, mean15_y, mean10_dxdz, mean25_dydz, wmean30_x, wmean30_y, wmean20_dxdz, wmean50_dydz, wmean15_x, wmean15_y, wmean10_dxdz, wmean25_dydz, stdev30_x, stdev30_y, stdev20_dxdz, stdev50_dydz, stdev15_x, stdev15_y, stdev10_dxdz, stdev25_dydz):
        self.median_x, self.median_y, self.median_dxdz, self.median_dydz, self.mean30_x, self.mean30_y, self.mean20_dxdz, self.mean50_dydz, self.mean15_x, self.mean15_y, self.mean10_dxdz, self.mean25_dydz, self.wmean30_x, self.wmean30_y, self.wmean20_dxdz, self.wmean50_dydz, self.wmean15_x, self.wmean15_y, self.wmean10_dxdz, self.wmean25_dydz, self.stdev30_x, self.stdev30_y, self.stdev20_dxdz, self.stdev50_dydz, self.stdev15_x, self.stdev15_y, self.stdev10_dxdz, self.stdev25_dydz = median_x, median_y, median_dxdz, median_dydz, mean30_x, mean30_y, mean20_dxdz, mean50_dydz, mean15_x, mean15_y, mean10_dxdz, mean25_dydz, wmean30_x, wmean30_y, wmean20_dxdz, wmean50_dydz, wmean15_x, wmean15_y, wmean10_dxdz, wmean25_dydz, stdev30_x, stdev30_y, stdev20_dxdz, stdev50_dydz, stdev15_x, stdev15_y, stdev10_dxdz, stdev25_dydz

    def __repr__(self):
        return "<Report %s %s %s>" % (self.postal_address[0], " ".join(map(str, self.postal_address[1:])), self.status)

reports.append(Report(574914560, ("DT", -2, 1, 1), "MBwhAst1sec01"))
reports[-1].posNum = 48799
reports[-1].negNum = 0
reports[-1].fittype = "6DOF"
reports[-1].add_parameters(ValErr(0.00142386, 0.00408432, 0), \
                           ValErr(0.00202637, 0.0339966, 0), \
                           ValErr(-0.0035092, 0.0275447, 0), \
                           ValErr(1.96695e-05, 9.43755e-05, 0), \
                           ValErr(8.60997e-06, 0.000100016, 0), \
                           ValErr(-3.1144e-05, 6.72373e-05, 0), \
                           -123308, 48799, 48799, -nan)
reports[-1].sigmax = ValErr(0.703928, 0.00225324, 0)
reports[-1].sigmay = ValErr(1.04086, 0.00333176, 0)
reports[-1].sigmadxdz = ValErr(0, 0, 0)
reports[-1].sigmadydz = ValErr(0, 0, 0)
reports[-1].add_stats(0.00145299, -0.000672826, 0.000407044, -0.0022069, 0.000489337, -0.0023799, 0.000410014, -0.00141822, 0.000489337, -0.0023799, 0.000410014, -0.00141822, -0.00198229, -0.00317462, 0.000412673, -0.00143787, -0.00198229, -0.00317462, 0.000412673, -0.00143787, 0.70393, 1.04086, 0.00360195, 0.0324508, 0.70393, 1.04086, 0.00360195, 0.0324508)
reports[-1].CovMatrix = ['1.66817e-05','7.8812e-05','-6.4567e-05','1.14071e-07','-3.0614e-08','-5.63433e-08','9.03373e-09','6.06602e-10','0','0','0','0','7.8812e-05','0.00115577','-0.000926649','1.70594e-06','-2.10964e-07','9.19693e-08','6.26301e-08','4.14085e-08','0','0','0','0','-6.4567e-05','-0.000926649','0.000758713','-1.30833e-06','1.56291e-07','-6.89986e-08','-4.9879e-08','-2.24997e-08','0','0','0','0','1.14071e-07','1.70594e-06','-1.30833e-06','8.90673e-09','-2.31085e-10','6.22671e-10','1.98131e-10','1.80962e-10','0','0','0','0','-3.0614e-08','-2.10964e-07','1.56291e-07','-2.31085e-10','1.00032e-08','3.63937e-09','8.82519e-11','3.07278e-10','0','0','0','0','-5.63433e-08','9.19693e-08','-6.89986e-08','6.22671e-10','3.63937e-09','4.52086e-09','8.99742e-11','1.72955e-10','0','0','0','0','9.03373e-09','6.26301e-08','-4.9879e-08','1.98131e-10','8.82519e-11','8.99742e-11','5.07711e-06','7.53694e-12','0','0','0','0','6.06602e-10','4.14085e-08','-2.24997e-08','1.80962e-10','3.07278e-10','1.72955e-10','7.53694e-12','1.11007e-05','0','0','0','0','0','0','0','0','0','0','0','0','0','0','0','0','0','0','0','0','0','0','0','0','0','0','0','0','0','0','0','0','0','0','0','0','0','0','0','0','0','0','0','0','0','0','0','0','0','0','0','0']

reports.append(Report(575176704, ("DT", -2, 1, 2), "MBwhAst1sec02"))
reports[-1].posNum = 26136
reports[-1].negNum = 0
reports[-1].fittype = "6DOF"
reports[-1].add_parameters(ValErr(-0.00480867, 0.00558813, 0), \
                           ValErr(-0.0138607, 0.0460557, 0), \
                           ValErr(0.00904439, 0.0372526, 0), \
                           ValErr(-2.1446e-05, 0.000121324, 0), \
                           ValErr(0.000192511, 0.000137648, 0), \
                           ValErr(4.94763e-05, 8.64687e-05, 0), \
                           -65796.6, 26136, 26136, -nan)
reports[-1].sigmax = ValErr(0.701265, 0.00306726, 0)
reports[-1].sigmay = ValErr(1.03506, 0.00452718, 0)
reports[-1].sigmadxdz = ValErr(0, 0, 0)
reports[-1].sigmadydz = ValErr(0, 0, 0)
reports[-1].add_stats(-0.0103779, 0.0117805, 0.000169983, -0.00345852, -0.0037423, -0.00184702, 0.000161493, -0.00260397, -0.0037423, -0.00184702, 0.000161493, -0.00260397, -0.00274175, -0.0020514, 0.000143686, -0.00249382, -0.00274175, -0.0020514, 0.000143686, -0.00249382, 0.701269, 1.0351, 0.00357597, 0.034763, 0.701269, 1.0351, 0.00357597, 0.034763)
reports[-1].CovMatrix = ['3.12272e-05','0.000138272','-0.000113291','1.94325e-07','-9.08154e-08','-1.40699e-07','1.80757e-08','-3.59907e-09','0','0','0','0','0.000138272','0.00212113','-0.00169667','3.08209e-06','-5.43657e-07','9.56554e-08','1.65103e-07','7.44561e-09','0','0','0','0','-0.000113291','-0.00169667','0.00138775','-2.32379e-06','3.81572e-07','-6.51571e-08','-1.2184e-07','1.01824e-09','0','0','0','0','1.94325e-07','3.08209e-06','-2.32379e-06','1.47194e-08','-7.15509e-10','8.24238e-10','9.54499e-10','-5.48979e-10','0','0','0','0','-9.08154e-08','-5.43657e-07','3.81572e-07','-7.15509e-10','1.89469e-08','6.13767e-09','1.87312e-10','4.71324e-10','0','0','0','0','-1.40699e-07','9.56554e-08','-6.51571e-08','8.24238e-10','6.13767e-09','7.47683e-09','2.04153e-10','1.9354e-10','0','0','0','0','1.80757e-08','1.65103e-07','-1.2184e-07','9.54499e-10','1.87312e-10','2.04153e-10','9.40808e-06','-3.136e-11','0','0','0','0','-3.59907e-09','7.44561e-09','1.01824e-09','-5.48979e-10','4.71324e-10','1.9354e-10','-3.136e-11','2.04954e-05','0','0','0','0','0','0','0','0','0','0','0','0','0','0','0','0','0','0','0','0','0','0','0','0','0','0','0','0','0','0','0','0','0','0','0','0','0','0','0','0','0','0','0','0','0','0','0','0','0','0','0','0']

reports.append(Report(575438848, ("DT", -2, 1, 3), "MBwhAst1sec03"))
reports[-1].posNum = 30962
reports[-1].negNum = 0
reports[-1].fittype = "6DOF"
reports[-1].add_parameters(ValErr(6.1261e-05, 0.00553063, 0), \
                           ValErr(-0.00223797, 0.0411631, 0), \
                           ValErr(0.00264725, 0.033444, 0), \
                           ValErr(4.65134e-06, 0.000113786, 0), \
                           ValErr(0.000101371, 0.000120935, 0), \
                           ValErr(2.24738e-05, 8.22265e-05, 0), \
                           -77836.8, 30962, 30962, -nan)
reports[-1].sigmax = ValErr(0.700438, 0.00281476, 0)
reports[-1].sigmay = ValErr(1.03264, 0.00414974, 0)
reports[-1].sigmadxdz = ValErr(0, 0, 0)
reports[-1].sigmadydz = ValErr(0, 0, 0)
reports[-1].add_stats(0.000890734, 0.004626, -0.000269681, -0.00402373, 0.000255383, 0.000341028, -0.000261563, -0.00309087, 0.000255383, 0.000341028, -0.000261563, -0.00309087, 0.00254265, 0.00282807, -0.00027521, -0.00313013, 0.00254265, 0.00282807, -0.00027521, -0.00313013, 0.700435, 1.03266, 0.00357548, 0.0332013, 0.700435, 1.03266, 0.00357548, 0.0332013)
reports[-1].CovMatrix = ['3.05878e-05','0.000141816','-0.000116199','1.9753e-07','-8.04403e-08','-1.2449e-07','1.46887e-08','1.74614e-09','0','0','0','0','0.000141816','0.0016944','-0.00136048','2.46223e-06','-3.79287e-07','1.4041e-08','3.51869e-08','1.64366e-07','0','0','0','0','-0.000116199','-0.00136048','0.0011185','-1.84381e-06','3.66322e-07','3.85202e-09','-2.50762e-08','-1.13873e-07','0','0','0','0','1.9753e-07','2.46223e-06','-1.84381e-06','1.29473e-08','-1.62281e-11','9.07342e-10','1.23539e-10','6.00793e-10','0','0','0','0','-8.04403e-08','-3.79287e-07','3.66322e-07','-1.62281e-11','1.46253e-08','5.47867e-09','5.12506e-10','-3.29375e-11','0','0','0','0','-1.2449e-07','1.4041e-08','3.85202e-09','9.07342e-10','5.47867e-09','6.7612e-09','-7.94736e-12','4.74514e-10','0','0','0','0','1.46887e-08','3.51869e-08','-2.50762e-08','1.23539e-10','5.12506e-10','-7.94736e-12','7.92286e-06','-1.47122e-11','0','0','0','0','1.74614e-09','1.64366e-07','-1.13873e-07','6.00793e-10','-3.29375e-11','4.74514e-10','-1.47122e-11','1.72204e-05','0','0','0','0','0','0','0','0','0','0','0','0','0','0','0','0','0','0','0','0','0','0','0','0','0','0','0','0','0','0','0','0','0','0','0','0','0','0','0','0','0','0','0','0','0','0','0','0','0','0','0','0']

reports.append(Report(575700992, ("DT", -2, 1, 4), "MBwhAst1sec04"))
reports[-1].posNum = 41837
reports[-1].negNum = 0
reports[-1].fittype = "6DOF"
reports[-1].add_parameters(ValErr(-0.00165345, 0.00413417, 0), \
                           ValErr(0.00168895, 0.0378812, 0), \
                           ValErr(-0.000600808, 0.0306329, 0), \
                           ValErr(7.94405e-06, 9.92374e-05, 0), \
                           ValErr(-5.72233e-05, 0.000111909, 0), \
                           ValErr(6.45119e-05, 6.83244e-05, 0), \
                           -105307, 41837, 41837, -nan)
reports[-1].sigmax = ValErr(0.691977, 0.00239219, 0)
reports[-1].sigmay = ValErr(1.04855, 0.00362488, 0)
reports[-1].sigmadxdz = ValErr(0, 0, 0)
reports[-1].sigmadydz = ValErr(0, 0, 0)
reports[-1].add_stats(0.00553395, -0.000822727, 0.000385296, -0.00203788, -0.000480401, -0.000285645, 0.000413367, -0.00165812, -0.000480401, -0.000285645, 0.000413367, -0.00165812, -0.00236599, -0.00285184, 0.000422991, -0.0017611, -0.00236599, -0.00285184, 0.000422991, -0.0017611, 0.691988, 1.04857, 0.00354231, 0.035899, 0.691988, 1.04857, 0.00354231, 0.035899)
reports[-1].CovMatrix = ['1.70914e-05','8.1774e-05','-6.70789e-05','1.17954e-07','-1.98683e-08','-4.79217e-08','7.99091e-09','3.06299e-09','0','0','0','0','8.1774e-05','0.00143498','-0.00114877','2.08735e-06','-2.47102e-07','1.65131e-07','4.30867e-08','9.29952e-08','0','0','0','0','-6.70789e-05','-0.00114877','0.000938377','-1.62543e-06','1.18968e-07','-1.30231e-07','-3.35655e-08','-6.52523e-08','0','0','0','0','1.17954e-07','2.08735e-06','-1.62543e-06','9.84806e-09','-4.41155e-10','6.81394e-10','3.65669e-10','-4.1034e-11','0','0','0','0','-1.98683e-08','-2.47102e-07','1.18968e-07','-4.41155e-10','1.25236e-08','3.78362e-09','3.05317e-10','1.08405e-11','0','0','0','0','-4.79217e-08','1.65131e-07','-1.30231e-07','6.81394e-10','3.78362e-09','4.66822e-09','1.51063e-10','1.02746e-10','0','0','0','0','7.99091e-09','4.30867e-08','-3.35655e-08','3.65669e-10','3.05317e-10','1.51063e-10','5.72256e-06','-3.21836e-12','0','0','0','0','3.06299e-09','9.29952e-08','-6.52523e-08','-4.1034e-11','1.08405e-11','1.02746e-10','-3.21836e-12','1.31397e-05','0','0','0','0','0','0','0','0','0','0','0','0','0','0','0','0','0','0','0','0','0','0','0','0','0','0','0','0','0','0','0','0','0','0','0','0','0','0','0','0','0','0','0','0','0','0','0','0','0','0','0','0']

reports.append(Report(575963136, ("DT", -2, 1, 5), "MBwhAst1sec05"))
reports[-1].posNum = 32495
reports[-1].negNum = 0
reports[-1].fittype = "6DOF"
reports[-1].add_parameters(ValErr(0.0027982, 0.00495028, 0), \
                           ValErr(0.00243761, 0.0419777, 0), \
                           ValErr(-0.00262307, 0.0340356, 0), \
                           ValErr(-7.33668e-05, 0.000106777, 0), \
                           ValErr(-7.42965e-05, 0.000123653, 0), \
                           ValErr(-6.8297e-05, 7.41386e-05, 0), \
                           -81508.1, 32495, 32495, -nan)
reports[-1].sigmax = ValErr(0.694544, 0.00272444, 0)
reports[-1].sigmay = ValErr(1.03557, 0.00406216, 0)
reports[-1].sigmadxdz = ValErr(0, 0, 0)
reports[-1].sigmadydz = ValErr(0, 0, 0)
reports[-1].add_stats(0.00187332, 0.000178794, 0.000450381, -0.00155884, 0.00182481, 0.00031074, 0.000454766, -0.00189477, 0.00182481, 0.00031074, 0.000454766, -0.00189477, -0.000448247, 0.00166624, 0.000458432, -0.00173716, -0.000448247, 0.00166624, 0.000458432, -0.00173716, 0.694551, 1.03558, 0.00355718, 0.0349916, 0.694551, 1.03558, 0.00355718, 0.0349916)
reports[-1].CovMatrix = ['2.45052e-05','0.000120468','-9.87679e-05','1.70389e-07','-4.24073e-08','-7.65105e-08','7.59269e-09','9.67878e-09','0','0','0','0','0.000120468','0.00176213','-0.00141457','2.51638e-06','-4.98492e-07','-2.3671e-08','-3.14119e-08','2.40221e-07','0','0','0','0','-9.87679e-05','-0.00141457','0.00115842','-1.96598e-06','3.86381e-07','2.76501e-08','2.58706e-08','-1.78289e-07','0','0','0','0','1.70389e-07','2.51638e-06','-1.96598e-06','1.14014e-08','7.98704e-13','5.7659e-10','3.49046e-11','5.91787e-10','0','0','0','0','-4.24073e-08','-4.98492e-07','3.86381e-07','7.98704e-13','1.529e-08','4.48218e-09','2.87564e-10','2.003e-10','0','0','0','0','-7.65105e-08','-2.3671e-08','2.76501e-08','5.7659e-10','4.48218e-09','5.49653e-09','-2.00826e-11','4.04848e-10','0','0','0','0','7.59269e-09','-3.14119e-08','2.58706e-08','3.49046e-11','2.87564e-10','-2.00826e-11','7.42256e-06','-5.05158e-12','0','0','0','0','9.67878e-09','2.40221e-07','-1.78289e-07','5.91787e-10','2.003e-10','4.04848e-10','-5.05158e-12','1.65011e-05','0','0','0','0','0','0','0','0','0','0','0','0','0','0','0','0','0','0','0','0','0','0','0','0','0','0','0','0','0','0','0','0','0','0','0','0','0','0','0','0','0','0','0','0','0','0','0','0','0','0','0','0']

reports.append(Report(576225280, ("DT", -2, 1, 6), "MBwhAst1sec06"))
reports[-1].posNum = 29332
reports[-1].negNum = 0
reports[-1].fittype = "6DOF"
reports[-1].add_parameters(ValErr(0.00176105, 0.00645976, 0), \
                           ValErr(0.0012647, 0.0457609, 0), \
                           ValErr(0.00708638, 0.0373661, 0), \
                           ValErr(0.000128885, 0.000120788, 0), \
                           ValErr(3.74232e-05, 0.000136179, 0), \
                           ValErr(-4.2619e-05, 8.60487e-05, 0), \
                           -74171.9, 29332, 29332, -nan)
reports[-1].sigmax = ValErr(0.706482, 0.00291686, 0)
reports[-1].sigmay = ValErr(1.03902, 0.00428983, 0)
reports[-1].sigmadxdz = ValErr(0, 0, 0)
reports[-1].sigmadydz = ValErr(0, 0, 0)
reports[-1].add_stats(-0.00206062, -0.000494125, 0.000516769, -0.00138939, 0.000959441, 0.00536778, 0.000495058, -0.000431869, 0.000959441, 0.00536778, 0.000495058, -0.000431869, 0.00518406, 0.00667886, 0.00048531, -0.000508174, 0.00518406, 0.00667886, 0.00048531, -0.000508174, 0.706487, 1.03906, 0.00359703, 0.0336009, 0.706487, 1.03906, 0.00359703, 0.0336009)
reports[-1].CovMatrix = ['4.17285e-05','0.000210082','-0.000172219','2.8961e-07','-1.2376e-07','-1.61536e-07','3.17278e-08','-1.34934e-08','0','0','0','0','0.000210082','0.00209406','-0.00169073','3.02445e-06','-6.1718e-07','-1.24254e-07','2.01295e-07','-1.58098e-08','0','0','0','0','-0.000172219','-0.00169073','0.00139622','-2.27345e-06','7.0623e-07','1.23714e-07','-1.62316e-07','4.45646e-08','0','0','0','0','2.8961e-07','3.02445e-06','-2.27345e-06','1.45897e-08','3.54085e-10','1.00746e-09','1.97473e-10','6.76879e-10','0','0','0','0','-1.2376e-07','-6.1718e-07','7.0623e-07','3.54085e-10','1.85447e-08','6.01786e-09','3.28951e-10','4.21212e-10','0','0','0','0','-1.61536e-07','-1.24254e-07','1.23714e-07','1.00746e-09','6.01786e-09','7.40438e-09','-2.07341e-11','5.01973e-10','0','0','0','0','3.17278e-08','2.01295e-07','-1.62316e-07','1.97473e-10','3.28951e-10','-2.07341e-11','8.50809e-06','-1.08476e-11','0','0','0','0','-1.34934e-08','-1.58098e-08','4.45646e-08','6.76879e-10','4.21212e-10','5.01973e-10','-1.08476e-11','1.84027e-05','0','0','0','0','0','0','0','0','0','0','0','0','0','0','0','0','0','0','0','0','0','0','0','0','0','0','0','0','0','0','0','0','0','0','0','0','0','0','0','0','0','0','0','0','0','0','0','0','0','0','0','0']

reports.append(Report(576487424, ("DT", -2, 1, 7), "MBwhAst1sec07"))
reports[-1].posNum = 50259
reports[-1].negNum = 0
reports[-1].fittype = "6DOF"
reports[-1].add_parameters(ValErr(-2.77961e-05, 0.00401426, 0), \
                           ValErr(-0.0161935, 0.0341037, 0), \
                           ValErr(0.0165404, 0.0276269, 0), \
                           ValErr(5.94811e-05, 9.5298e-05, 0), \
                           ValErr(3.57608e-05, 0.000101797, 0), \
                           ValErr(-4.8692e-05, 6.80529e-05, 0), \
                           -126908, 50259, 50259, -nan)
reports[-1].sigmax = ValErr(0.703066, 0.00221756, 0)
reports[-1].sigmay = ValErr(1.04029, 0.00328122, 0)
reports[-1].sigmadxdz = ValErr(0, 0, 0)
reports[-1].sigmadydz = ValErr(0, 0, 0)
reports[-1].add_stats(-0.0022174, 0.00817264, 0.000451527, -0.000284018, 0.000210134, 0.00290056, 0.000450111, -0.00132722, 0.000210134, 0.00290056, 0.000450111, -0.00132722, 8.55114e-05, 0.0027889, 0.000451106, -0.00139176, 8.55114e-05, 0.0027889, 0.000451106, -0.00139176, 0.70307, 1.04031, 0.00359165, 0.0330309, 0.70307, 1.04031, 0.00359165, 0.0330309)
reports[-1].CovMatrix = ['1.61143e-05','7.70932e-05','-6.31678e-05','1.11342e-07','-3.37323e-08','-5.86656e-08','1.34152e-08','-6.71859e-09','0','0','0','0','7.70932e-05','0.00116307','-0.000932606','1.71641e-06','-2.2234e-07','9.10218e-08','9.78341e-08','-1.27081e-08','0','0','0','0','-6.31678e-05','-0.000932606','0.000763243','-1.31289e-06','1.55762e-07','-6.82099e-08','-8.14468e-08','2.54342e-08','0','0','0','0','1.11342e-07','1.71641e-06','-1.31289e-06','9.08171e-09','-2.65226e-10','6.09679e-10','1.05975e-10','3.15305e-10','0','0','0','0','-3.37323e-08','-2.2234e-07','1.55762e-07','-2.65226e-10','1.03627e-08','3.76131e-09','2.33203e-10','9.26676e-11','0','0','0','0','-5.86656e-08','9.10218e-08','-6.82099e-08','6.09679e-10','3.76131e-09','4.63119e-09','-3.14236e-12','3.13913e-10','0','0','0','0','1.34152e-08','9.78341e-08','-8.14468e-08','1.05975e-10','2.33203e-10','-3.14236e-12','4.91758e-06','-1.03843e-11','0','0','0','0','-6.71859e-09','-1.27081e-08','2.54342e-08','3.15305e-10','9.26676e-11','3.13913e-10','-1.03843e-11','1.07664e-05','0','0','0','0','0','0','0','0','0','0','0','0','0','0','0','0','0','0','0','0','0','0','0','0','0','0','0','0','0','0','0','0','0','0','0','0','0','0','0','0','0','0','0','0','0','0','0','0','0','0','0','0']

reports.append(Report(576749568, ("DT", -2, 1, 8), "MBwhAst1sec08"))
reports[-1].posNum = 44096
reports[-1].negNum = 0
reports[-1].fittype = "6DOF"
reports[-1].add_parameters(ValErr(0.000192173, 0.0043269, 0), \
                           ValErr(-0.00193238, 0.036005, 0), \
                           ValErr(0.000323739, 0.0291855, 0), \
                           ValErr(-6.83062e-05, 9.74244e-05, 0), \
                           ValErr(6.65449e-05, 0.000106389, 0), \
                           ValErr(-1.95774e-05, 6.96742e-05, 0), \
                           -110851, 44096, 44096, -nan)
reports[-1].sigmax = ValErr(0.699487, 0.00235541, 0)
reports[-1].sigmay = ValErr(1.03394, 0.00348164, 0)
reports[-1].sigmadxdz = ValErr(0, 0, 0)
reports[-1].sigmadydz = ValErr(0, 0, 0)
reports[-1].add_stats(0.00200373, 0.00458482, 0.000451308, -0.0024932, -0.000343946, -0.000223575, 0.00045581, -0.00219062, -0.000343946, -0.000223575, 0.00045581, -0.00219062, 0.00088221, -0.00023816, 0.000439279, -0.00219362, 0.00088221, -0.00023816, 0.000439279, -0.00219362, 0.699493, 1.03395, 0.00358064, 0.0348117, 0.699493, 1.03395, 0.00358064, 0.0348117)
reports[-1].CovMatrix = ['1.87221e-05','9.06268e-05','-7.42647e-05','1.2776e-07','-4.24426e-08','-7.06411e-08','9.96003e-09','2.51659e-10','0','0','0','0','9.06268e-05','0.00129636','-0.00104017','1.86821e-06','-3.43681e-07','-2.15515e-08','1.03386e-07','-1.09782e-08','0','0','0','0','-7.42647e-05','-0.00104017','0.000851794','-1.43588e-06','2.72739e-07','2.58703e-08','-8.12658e-08','1.88964e-08','0','0','0','0','1.2776e-07','1.86821e-06','-1.43588e-06','9.49151e-09','9.75526e-11','5.33471e-10','3.32655e-10','2.47662e-11','0','0','0','0','-4.24426e-08','-3.43681e-07','2.72739e-07','9.75526e-11','1.13187e-08','3.97064e-09','-3.00043e-10','9.41728e-10','0','0','0','0','-7.06411e-08','-2.15515e-08','2.58703e-08','5.33471e-10','3.97064e-09','4.8545e-09','1.22621e-10','1.40098e-10','0','0','0','0','9.96003e-09','1.03386e-07','-8.12658e-08','3.32655e-10','-3.00043e-10','1.22621e-10','5.54794e-06','-3.60335e-11','0','0','0','0','2.51659e-10','-1.09782e-08','1.88964e-08','2.47662e-11','9.41728e-10','1.40098e-10','-3.60335e-11','1.21218e-05','0','0','0','0','0','0','0','0','0','0','0','0','0','0','0','0','0','0','0','0','0','0','0','0','0','0','0','0','0','0','0','0','0','0','0','0','0','0','0','0','0','0','0','0','0','0','0','0','0','0','0','0']

reports.append(Report(577011712, ("DT", -2, 1, 9), "MBwhAst1sec09"))
reports[-1].posNum = 25575
reports[-1].negNum = 0
reports[-1].fittype = "6DOF"
reports[-1].add_parameters(ValErr(-0.001594, 0.00535904, 0), \
                           ValErr(0.0137184, 0.0462626, 0), \
                           ValErr(-0.00857179, 0.0375281, 0), \
                           ValErr(6.55322e-06, 0.000125307, 0), \
                           ValErr(-7.62123e-05, 0.000134119, 0), \
                           ValErr(-4.05471e-05, 8.85282e-05, 0), \
                           -64080, 25575, 25575, -nan)
reports[-1].sigmax = ValErr(0.696887, 0.00308134, 0)
reports[-1].sigmay = ValErr(1.02925, 0.00455091, 0)
reports[-1].sigmadxdz = ValErr(0, 0, 0)
reports[-1].sigmadydz = ValErr(0, 0, 0)
reports[-1].add_stats(-0.00780179, 0.00376911, 0.00038167, -0.00313663, -0.00255641, 0.00308452, 0.000391798, -0.0018891, -0.00255641, 0.00308452, 0.000391798, -0.0018891, -0.002325, 0.00762461, 0.00038173, -0.00216778, -0.002325, 0.00762461, 0.00038173, -0.00216778, 0.69689, 1.02925, 0.0035805, 0.0349395, 0.69689, 1.02925, 0.0035805, 0.0349395)
reports[-1].CovMatrix = ['2.87193e-05','0.000132027','-0.000108467','1.95329e-07','-2.03001e-08','-6.37503e-08','4.52452e-09','1.93491e-08','0','0','0','0','0.000132027','0.00214023','-0.00171811','3.18314e-06','-1.71124e-07','4.46586e-07','-6.99937e-08','3.61593e-07','0','0','0','0','-0.000108467','-0.00171811','0.00140836','-2.47856e-06','5.71916e-08','-3.59958e-07','6.19119e-08','-2.81359e-07','0','0','0','0','1.95329e-07','3.18314e-06','-2.47856e-06','1.57019e-08','-1.10708e-09','1.38645e-09','2.00562e-10','5.21998e-10','0','0','0','0','-2.03001e-08','-1.71124e-07','5.71916e-08','-1.10708e-09','1.79879e-08','6.22512e-09','-1.80467e-10','1.03141e-09','0','0','0','0','-6.37503e-08','4.46586e-07','-3.59958e-07','1.38645e-09','6.22512e-09','7.83724e-09','3.42904e-11','5.32416e-10','0','0','0','0','4.52452e-09','-6.99937e-08','6.19119e-08','2.00562e-10','-1.80467e-10','3.42904e-11','9.49466e-06','-1.93252e-11','0','0','0','0','1.93491e-08','3.61593e-07','-2.81359e-07','5.21998e-10','1.03141e-09','5.32416e-10','-1.93252e-11','2.07108e-05','0','0','0','0','0','0','0','0','0','0','0','0','0','0','0','0','0','0','0','0','0','0','0','0','0','0','0','0','0','0','0','0','0','0','0','0','0','0','0','0','0','0','0','0','0','0','0','0','0','0','0','0']

reports.append(Report(577273856, ("DT", -2, 1, 10), "MBwhAst1sec10"))
reports[-1].posNum = 26822
reports[-1].negNum = 0
reports[-1].fittype = "6DOF"
reports[-1].add_parameters(ValErr(-0.00017798, 0.005233, 0), \
                           ValErr(-0.00755301, 0.046987, 0), \
                           ValErr(0.00518743, 0.0381493, 0), \
                           ValErr(-3.14132e-05, 0.000118579, 0), \
                           ValErr(-1.52413e-05, 0.000132195, 0), \
                           ValErr(6.55618e-06, 7.98725e-05, 0), \
                           -67660.2, 26822, 26822, -nan)
reports[-1].sigmax = ValErr(0.695996, 0.00300502, 0)
reports[-1].sigmay = ValErr(1.04823, 0.0045258, 0)
reports[-1].sigmadxdz = ValErr(0, 0, 0)
reports[-1].sigmadydz = ValErr(0, 0, 0)
reports[-1].add_stats(0.00221353, 0.00375538, -1.97445e-05, -0.00305132, 0.000367159, -0.00133938, -1.89278e-05, -0.00115931, 0.000367159, -0.00133938, -1.89278e-05, -0.00115931, 0.00150819, 0.00247614, -2.57868e-05, -0.001111, 0.00150819, 0.00247614, -2.57868e-05, -0.001111, 0.695996, 1.04823, 0.0035596, 0.0345486, 0.695996, 1.04823, 0.0035596, 0.0345486)
reports[-1].CovMatrix = ['2.73842e-05','0.000139381','-0.000114553','2.08536e-07','2.77951e-08','-1.68273e-10','1.54909e-08','6.33794e-09','0','0','0','0','0.000139381','0.00220778','-0.00177556','3.21314e-06','-3.05276e-07','2.91243e-07','1.10084e-07','7.63327e-08','0','0','0','0','-0.000114553','-0.00177556','0.00145537','-2.61896e-06','1.75886e-07','-2.39057e-07','-8.87232e-08','-4.82048e-08','0','0','0','0','2.08536e-07','3.21314e-06','-2.61896e-06','1.4061e-08','-6.19841e-10','1.11293e-09','5.60047e-10','-1.37502e-10','0','0','0','0','2.77951e-08','-3.05276e-07','1.75886e-07','-6.19841e-10','1.74755e-08','5.08943e-09','8.91255e-12','7.38949e-10','0','0','0','0','-1.68273e-10','2.91243e-07','-2.39057e-07','1.11293e-09','5.08943e-09','6.37962e-09','2.91751e-10','8.16976e-11','0','0','0','0','1.54909e-08','1.10084e-07','-8.87232e-08','5.60047e-10','8.91255e-12','2.91751e-10','9.03014e-06','-1.16326e-11','0','0','0','0','6.33794e-09','7.63327e-08','-4.82048e-08','-1.37502e-10','7.38949e-10','8.16976e-11','-1.16326e-11','2.04828e-05','0','0','0','0','0','0','0','0','0','0','0','0','0','0','0','0','0','0','0','0','0','0','0','0','0','0','0','0','0','0','0','0','0','0','0','0','0','0','0','0','0','0','0','0','0','0','0','0','0','0','0','0']

reports.append(Report(577536000, ("DT", -2, 1, 11), "MBwhAst1sec11"))
reports[-1].posNum = 28853
reports[-1].negNum = 0
reports[-1].fittype = "6DOF"
reports[-1].add_parameters(ValErr(-0.000103128, 0.00543945, 0), \
                           ValErr(-0.011577, 0.0463433, 0), \
                           ValErr(0.0105606, 0.0376305, 0), \
                           ValErr(0.000129367, 0.000118076, 0), \
                           ValErr(-0.000142238, 0.000132563, 0), \
                           ValErr(-6.63178e-05, 8.13227e-05, 0), \
                           -73337.4, 28853, 28853, -nan)
reports[-1].sigmax = ValErr(0.705242, 0.00293581, 0)
reports[-1].sigmay = ValErr(1.05453, 0.00438986, 0)
reports[-1].sigmadxdz = ValErr(0, 0, 0)
reports[-1].sigmadydz = ValErr(0, 0, 0)
reports[-1].add_stats(0.00440358, 0.00286227, 0.000558198, -0.000507267, 0.00103178, 0.0012168, 0.000558916, -0.000633634, 0.00103178, 0.0012168, 0.000558916, -0.000633634, 0.00195162, 0.00294343, 0.000557538, -0.00100717, 0.00195162, 0.00294343, 0.000557538, -0.00100717, 0.705262, 1.05457, 0.00361026, 0.0357994, 0.705262, 1.05457, 0.00361026, 0.0357994)
reports[-1].CovMatrix = ['2.95876e-05','0.000159255','-0.000130387','2.34397e-07','1.0075e-08','-1.08062e-08','3.17504e-08','-1.65471e-08','0','0','0','0','0.000159255','0.0021477','-0.00172817','3.08278e-06','-4.7801e-07','9.05152e-08','2.74778e-07','-1.80208e-07','0','0','0','0','-0.000130387','-0.00172817','0.00141605','-2.51173e-06','4.13733e-07','-7.30098e-08','-2.25081e-07','1.66224e-07','0','0','0','0','2.34397e-07','3.08278e-06','-2.51173e-06','1.39419e-08','-1.28063e-10','1.01181e-09','1.21577e-10','5.29082e-10','0','0','0','0','1.0075e-08','-4.7801e-07','4.13733e-07','-1.28063e-10','1.75729e-08','5.28371e-09','1.58757e-10','5.71615e-10','0','0','0','0','-1.08062e-08','9.05152e-08','-7.30098e-08','1.01181e-09','5.28371e-09','6.61338e-09','-8.81705e-11','6.40202e-10','0','0','0','0','3.17504e-08','2.74778e-07','-2.25081e-07','1.21577e-10','1.58757e-10','-8.81705e-11','8.61901e-06','-5.67805e-11','0','0','0','0','-1.65471e-08','-1.80208e-07','1.66224e-07','5.29082e-10','5.71615e-10','6.40202e-10','-5.67805e-11','1.92709e-05','0','0','0','0','0','0','0','0','0','0','0','0','0','0','0','0','0','0','0','0','0','0','0','0','0','0','0','0','0','0','0','0','0','0','0','0','0','0','0','0','0','0','0','0','0','0','0','0','0','0','0','0']

reports.append(Report(577798144, ("DT", -2, 1, 12), "MBwhAst1sec12"))
reports[-1].posNum = 44920
reports[-1].negNum = 0
reports[-1].fittype = "6DOF"
reports[-1].add_parameters(ValErr(0.000818286, 0.00428046, 0), \
                           ValErr(0.00115022, 0.0358553, 0), \
                           ValErr(-0.00218046, 0.0290609, 0), \
                           ValErr(1.23546e-05, 9.77039e-05, 0), \
                           ValErr(4.56022e-05, 0.000105803, 0), \
                           ValErr(1.37117e-05, 6.98671e-05, 0), \
                           -113390, 44920, 44920, -nan)
reports[-1].sigmax = ValErr(0.703802, 0.00234811, 0)
reports[-1].sigmay = ValErr(1.03837, 0.00346431, 0)
reports[-1].sigmadxdz = ValErr(0, 0, 0)
reports[-1].sigmadydz = ValErr(0, 0, 0)
reports[-1].add_stats(-0.00145648, -0.00573689, 0.000368107, -0.00397088, 0.000672473, -0.00152632, 0.0003748, -0.0017706, 0.000672473, -0.00152632, 0.0003748, -0.0017706, 0.000728094, 0.00399826, 0.000375313, -0.00178494, 0.000728094, 0.00399826, 0.000375313, -0.00178494, 0.7038, 1.03837, 0.00358304, 0.0330152, 0.7038, 1.03837, 0.00358304, 0.0330152)
reports[-1].CovMatrix = ['1.83223e-05','8.65369e-05','-7.09403e-05','1.23708e-07','-4.17657e-08','-7.13428e-08','5.77547e-09','6.02004e-09','0','0','0','0','8.65369e-05','0.0012856','-0.00103124','1.88315e-06','-2.64412e-07','6.36282e-08','1.72264e-08','1.22176e-07','0','0','0','0','-7.09403e-05','-0.00103124','0.000844538','-1.43843e-06','1.93274e-07','-4.46281e-08','-7.42746e-09','-9.50701e-08','0','0','0','0','1.23708e-07','1.88315e-06','-1.43843e-06','9.54604e-09','-1.99865e-10','5.93851e-10','4.90934e-10','-2.05731e-10','0','0','0','0','-4.17657e-08','-2.64412e-07','1.93274e-07','-1.99865e-10','1.11943e-08','3.9587e-09','1.86359e-10','2.0281e-10','0','0','0','0','-7.13428e-08','6.36282e-08','-4.46281e-08','5.93851e-10','3.9587e-09','4.88141e-09','1.33943e-10','1.27034e-10','0','0','0','0','5.77547e-09','1.72264e-08','-7.42746e-09','4.90934e-10','1.86359e-10','1.33943e-10','5.51362e-06','-1.95451e-11','0','0','0','0','6.02004e-09','1.22176e-07','-9.50701e-08','-2.05731e-10','2.0281e-10','1.27034e-10','-1.95451e-11','1.20015e-05','0','0','0','0','0','0','0','0','0','0','0','0','0','0','0','0','0','0','0','0','0','0','0','0','0','0','0','0','0','0','0','0','0','0','0','0','0','0','0','0','0','0','0','0','0','0','0','0','0','0','0','0']

reports.append(Report(579108864, ("DT", -2, 2, 1), "MBwhAst2sec01"))
reports[-1].posNum = 56635
reports[-1].negNum = 0
reports[-1].fittype = "6DOF"
reports[-1].add_parameters(ValErr(0.00097214, 0.00417987, 0), \
                           ValErr(-0.00559365, 0.0331782, 0), \
                           ValErr(0.00582059, 0.0318229, 0), \
                           ValErr(-1.57325e-05, 0.000119938, 0), \
                           ValErr(2.43292e-05, 0.000114561, 0), \
                           ValErr(-8.10556e-06, 7.99577e-05, 0), \
                           -169587, 56635, 56635, -nan)
reports[-1].sigmax = ValErr(0.922892, 0.00274216, 0)
reports[-1].sigmay = ValErr(1.26713, 0.00376499, 0)
reports[-1].sigmadxdz = ValErr(0, 0, 0)
reports[-1].sigmadydz = ValErr(0, 0, 0)
reports[-1].add_stats(0.00501127, 0.00599322, 0.000240732, -0.00022501, 0.000451671, 0.000466805, 0.00022642, -0.00108693, 0.000451671, 0.000466805, 0.00022642, -0.00108693, -0.000881554, 0.00567335, 0.000233972, -0.00102252, -0.000881554, 0.00567335, 0.000233972, -0.00102252, 0.922893, 1.26713, 0.00387627, 0.0267108, 0.922893, 1.26713, 0.00387627, 0.0267108)
reports[-1].CovMatrix = ['1.74714e-05','-4.62976e-05','4.49199e-05','-8.07235e-08','2.176e-08','-2.41442e-08','1.57617e-08','-1.0035e-08','0','0','0','0','-4.62976e-05','0.00110079','-0.00104195','1.8584e-06','2.23963e-07','6.9925e-08','-1.28183e-07','2.17604e-07','0','0','0','0','4.49199e-05','-0.00104195','0.0010127','-1.74224e-06','-2.2882e-07','-7.07537e-08','1.2709e-07','-1.96973e-07','0','0','0','0','-8.07235e-08','1.8584e-06','-1.74224e-06','1.43852e-08','-1.47316e-10','-3.90137e-10','2.58544e-10','1.71885e-11','0','0','0','0','2.176e-08','2.23963e-07','-2.2882e-07','-1.47316e-10','1.31243e-08','6.09008e-09','4.79122e-11','7.613e-10','0','0','0','0','-2.41442e-08','6.9925e-08','-7.07537e-08','-3.90137e-10','6.09008e-09','6.39324e-09','-8.85479e-11','6.613e-10','0','0','0','0','1.57617e-08','-1.28183e-07','1.2709e-07','2.58544e-10','4.79122e-11','-8.85479e-11','7.51946e-06','-4.18818e-11','0','0','0','0','-1.0035e-08','2.17604e-07','-1.96973e-07','1.71885e-11','7.613e-10','6.613e-10','-4.18818e-11','1.41752e-05','0','0','0','0','0','0','0','0','0','0','0','0','0','0','0','0','0','0','0','0','0','0','0','0','0','0','0','0','0','0','0','0','0','0','0','0','0','0','0','0','0','0','0','0','0','0','0','0','0','0','0','0']

reports.append(Report(579371008, ("DT", -2, 2, 2), "MBwhAst2sec02"))
reports[-1].posNum = 50069
reports[-1].negNum = 0
reports[-1].fittype = "6DOF"
reports[-1].add_parameters(ValErr(-0.000898607, 0.00457862, 0), \
                           ValErr(0.00689413, 0.0349098, 0), \
                           ValErr(-0.00477579, 0.033489, 0), \
                           ValErr(3.98737e-05, 0.000132611, 0), \
                           ValErr(-2.67792e-05, 0.00012352, 0), \
                           ValErr(8.6461e-06, 8.94078e-05, 0), \
                           -149802, 50069, 50069, -nan)
reports[-1].sigmax = ValErr(0.926636, 0.00292825, 0)
reports[-1].sigmay = ValErr(1.25887, 0.00397818, 0)
reports[-1].sigmadxdz = ValErr(0, 0, 0)
reports[-1].sigmadydz = ValErr(0, 0, 0)
reports[-1].add_stats(-0.00176437, 0.00267471, 0.00020431, 4.97025e-06, -0.000316411, 0.00149361, 0.000193893, -0.000931973, -0.000316411, 0.00149361, 0.000193893, -0.000931973, -0.00210329, -0.000825638, 0.000197483, -0.000870449, -0.00210329, -0.000825638, 0.000197483, -0.000870449, 0.926641, 1.25888, 0.00384253, 0.0263288, 0.926641, 1.25888, 0.00384253, 0.0263288)
reports[-1].CovMatrix = ['2.09637e-05','-6.01959e-05','5.82193e-05','-1.03483e-07','-1.08799e-08','-6.4404e-08','1.2546e-08','-6.95957e-09','0','0','0','0','-6.01959e-05','0.00121869','-0.00115301','2.07922e-06','3.81575e-07','2.4597e-07','-3.48006e-08','1.02279e-07','0','0','0','0','5.82193e-05','-0.00115301','0.00112152','-1.88127e-06','-4.23659e-07','-2.47818e-07','3.51156e-08','-8.04018e-08','0','0','0','0','-1.03483e-07','2.07922e-06','-1.88127e-06','1.75857e-08','-7.95745e-10','-3.87548e-10','1.05151e-10','3.09929e-10','0','0','0','0','-1.08799e-08','3.81575e-07','-4.23659e-07','-7.95745e-10','1.52571e-08','7.63768e-09','3.30458e-11','8.83819e-10','0','0','0','0','-6.4404e-08','2.4597e-07','-2.47818e-07','-3.87548e-10','7.63768e-09','7.99376e-09','-2.62359e-11','6.86271e-10','0','0','0','0','1.2546e-08','-3.48006e-08','3.51156e-08','1.05151e-10','3.30458e-11','-2.62359e-11','8.57462e-06','7.83733e-13','0','0','0','0','-6.95957e-09','1.02279e-07','-8.04018e-08','3.09929e-10','8.83819e-10','6.86271e-10','7.83733e-13','1.58259e-05','0','0','0','0','0','0','0','0','0','0','0','0','0','0','0','0','0','0','0','0','0','0','0','0','0','0','0','0','0','0','0','0','0','0','0','0','0','0','0','0','0','0','0','0','0','0','0','0','0','0','0','0']

reports.append(Report(579633152, ("DT", -2, 2, 3), "MBwhAst2sec03"))
reports[-1].posNum = 42455
reports[-1].negNum = 0
reports[-1].fittype = "6DOF"
reports[-1].add_parameters(ValErr(-0.00235917, 0.00310586, 0), \
                           ValErr(-0.0018099, 0.00567215, 0), \
                           ValErr(-0.00133552, 0.00534054, 0), \
                           ValErr(-3.30689e-05, 0.000129376, 0), \
                           ValErr(6.23566e-05, 0.000130752, 0), \
                           ValErr(2.96016e-05, 9.63994e-05, 0), \
                           -126892, 42455, 42455, -nan)
reports[-1].sigmax = ValErr(0.927634, 0.00315273, 0)
reports[-1].sigmay = ValErr(1.25369, 0.00429025, 0)
reports[-1].sigmadxdz = ValErr(0, 0, 0)
reports[-1].sigmadydz = ValErr(0, 0, 0)
reports[-1].add_stats(0.00272559, 0.000518939, -1.00239e-05, -0.000285303, -0.00221695, -0.00271508, -3.06832e-05, -0.00137071, -0.00221695, -0.00271508, -3.06832e-05, -0.00137071, -0.00617428, -0.00235003, -9.53243e-06, -0.00136722, -0.00617428, -0.00235003, -9.53243e-06, -0.00136722, 0.927638, 1.25369, 0.00388463, 0.0261947, 0.927638, 1.25369, 0.00388463, 0.0261947)
reports[-1].CovMatrix = ['9.64637e-06','4.12171e-06','-3.75548e-06','1.12206e-08','-1.84497e-07','-1.67061e-07','3.30017e-07','1.18679e-08','0','0','0','0','4.12171e-06','3.21733e-05','-1.0823e-05','1.42615e-07','-1.95642e-07','-1.85374e-07','1.56307e-07','-2.74021e-07','0','0','0','0','-3.75548e-06','-1.0823e-05','2.85214e-05','7.32322e-08','1.90579e-07','1.6643e-07','-3.6152e-08','3.43075e-07','0','0','0','0','1.12206e-08','1.42615e-07','7.32322e-08','1.67382e-08','-4.53317e-10','-7.90118e-10','1.6882e-10','-2.83946e-09','0','0','0','0','-1.84497e-07','-1.95642e-07','1.90579e-07','-4.53317e-10','1.7096e-08','8.49205e-09','2.94094e-09','-4.75241e-10','0','0','0','0','-1.67061e-07','-1.85374e-07','1.6643e-07','-7.90118e-10','8.49205e-09','9.29284e-09','2.22403e-09','4.25731e-10','0','0','0','0','3.30017e-07','1.56307e-07','-3.6152e-08','1.6882e-10','2.94094e-09','2.22403e-09','9.93969e-06','-1.54254e-07','0','0','0','0','1.18679e-08','-2.74021e-07','3.43075e-07','-2.83946e-09','-4.75241e-10','4.25731e-10','-1.54254e-07','1.84063e-05','0','0','0','0','0','0','0','0','0','0','0','0','0','0','0','0','0','0','0','0','0','0','0','0','0','0','0','0','0','0','0','0','0','0','0','0','0','0','0','0','0','0','0','0','0','0','0','0','0','0','0','0']

reports.append(Report(579895296, ("DT", -2, 2, 4), "MBwhAst2sec04"))
reports[-1].posNum = 52913
reports[-1].negNum = 0
reports[-1].fittype = "6DOF"
reports[-1].add_parameters(ValErr(-0.000200421, 0.00429909, 0), \
                           ValErr(-0.00931983, 0.0344192, 0), \
                           ValErr(0.00811757, 0.0329599, 0), \
                           ValErr(-3.9324e-05, 0.000129763, 0), \
                           ValErr(6.16363e-05, 0.000122098, 0), \
                           ValErr(4.73466e-05, 8.64075e-05, 0), \
                           -158821, 52913, 52913, -nan)
reports[-1].sigmax = ValErr(0.923232, 0.00283802, 0)
reports[-1].sigmay = ValErr(1.27576, 0.00392172, 0)
reports[-1].sigmadxdz = ValErr(0, 0, 0)
reports[-1].sigmadydz = ValErr(0, 0, 0)
reports[-1].add_stats(0.00246617, 0.005749, -0.000391149, -0.000915941, -0.000441716, -0.000771473, -0.000381857, -0.00146182, -0.000441716, -0.000771473, -0.000381857, -0.00146182, -0.00197741, 0.00418631, -0.000374688, -0.00148252, -0.00197741, 0.00418631, -0.000374688, -0.00148252, 0.923235, 1.27576, 0.00383178, 0.0258257, 0.923235, 1.27576, 0.00383178, 0.0258257)
